0 0.453125 0.24609375 0.0828125 0.159375
0 0.8109375 0.22890625 0.075 0.1359375
0 0.27890625 0.28125 0.0734375 0.125
1 0.0125 0.2875 0.025 0.0921875
1 0.06171875 0.23515625 0.0515625 0.0890625
1 0.13203125 0.24140625 0.0421875 0.075
1 0.23671875 0.25078125 0.0296875 0.09375
1 0.32578125 0.23515625 0.0359375 0.078125
1 0.64140625 0.2421875 0.040625 0.0515625
1 0.50234375 0.25234375 0.0359375 0.0671875
1 0.54453125 0.21796875 0.03125 0.05625
1 0.59921875 0.20859375 0.01875 0.0421875
1 0.6640625 0.18046875 0.021875 0.040625
1 0.73203125 0.20859375 0.0265625 0.046875
1 0.865625 0.15546875 0.04375 0.0578125