0 0.2984375 0.5234375 0.040625 0.0765625
1 0.171875 0.54609375 0.0515625 0.0609375
1 0.4796875 0.3875 0.04375 0.0765625
0 0.31328125 0.63046875 0.05625 0.08125
1 0.33046875 0.38359375 0.04375 0.0609375
0 0.36875 0.3203125 0.0328125 0.05
1 0.16640625 0.48046875 0.0453125 0.0546875
1 0.02890625 0.3859375 0.0375 0.046875
1 0.25078125 0.25625 0.0359375 0.0703125
0 0.1390625 0.25859375 0.0453125 0.0421875
0 0.12734375 0.3765625 0.0265625 0.0390625
0 0.64609375 0.4171875 0.0453125 0.06875
1 0.70703125 0.3546875 0.0390625 0.0515625
1 0.9015625 0.3453125 0.0421875 0.059375
0 0.7609375 0.47265625 0.0390625 0.053125
0 0.7 0.546875 0.0359375 0.065625
0 0.675 0.1359375 0.040625 0.046875