1 0.4890625 0.7 0.0546875 0.0890625
1 0.225 0.6609375 0.05 0.0765625
1 0.39921875 0.46796875 0.04375 0.05625
1 0.71640625 0.6640625 0.053125 0.0734375
1 0.86328125 0.68125 0.0546875 0.1015625
1 0.94609375 0.69609375 0.0546875 0.0953125
1 0.9515625 0.6515625 0.04375 0.075
1 0.925 0.625 0.0390625 0.059375
1 0.83828125 0.55703125 0.0609375 0.084375
1 0.80703125 0.50078125 0.05625 0.0546875
1 0.775 0.55 0.0484375 0.078125
1 0.13359375 0.7015625 0.065625 0.121875
1 0.43984375 0.62578125 0.0484375 0.075
1 0.46953125 0.571875 0.0484375 0.0765625
1 0.396875 0.57890625 0.0453125 0.0546875
1 0.328125 0.56953125 0.05 0.0625
1 0.1515625 0.55703125 0.0625 0.0796875
1 0.1171875 0.515625 0.0328125 0.05625
1 0.0734375 0.5609375 0.0546875 0.0484375
1 0.028125 0.590625 0.034375 0.08125
1 0.0421875 0.69140625 0.05 0.08125
1 0.23828125 0.5078125 0.025 0.0484375
1 0.25390625 0.53203125 0.034375 0.046875
1 0.4359375 0.28359375 0.040625 0.046875
1 0.296875 0.43359375 0.0390625 0.05
1 0.2640625 0.3265625 0.025 0.053125
1 0.16796875 0.38984375 0.0421875 0.0359375
1 0.5015625 0.41015625 0.0515625 0.05625
1 0.56015625 0.48515625 0.0328125 0.0484375
1 0.63046875 0.5640625 0.040625 0.075
1 0.6734375 0.52265625 0.0390625 0.075
1 0.70390625 0.4875 0.0390625 0.0625
1 0.7421875 0.5140625 0.0265625 0.059375
1 0.6890625 0.35625 0.028125 0.0390625
1 0.6703125 0.3421875 0.0328125 0.04375
1 0.0984375 0.4609375 0.03125 0.0421875
1 0.059375 0.41171875 0.034375 0.0390625
1 0.1484375 0.4390625 0.0390625 0.0671875
1 0.41796875 0.39296875 0.03125 0.0546875
1 0.31875 0.321875 0.01875 0.0625