0 0.453125 0.24609375 0.0828125 0.15859375
0 0.8109375 0.22890625 0.075 0.13515625
0 0.27890625 0.28125 0.0734375 0.12421875
1 0.1296875 0.2453125 0.0515625 0.0890625
1 0.0546875 0.2359375 0.05 0.10625
1 0.60859375 0.2359375 0.0421875 0.0921875
1 0.7296875 0.21484375 0.040625 0.10078125
1 0.3265625 0.23203125 0.04453125 0.09765625
1 0.2328125 0.26484375 0.0484375 0.10625
1 0.50546875 0.2609375 0.040625 0.0890625
1 0.64296875 0.23359375 0.02890625 0.06640625
1 0.6671875 0.18984375 0.03828125 0.0578125
1 0.8671875 0.16171875 0.04609375 0.08359375