1 0.52578125 0.67734375 0.059375 0.0921875
1 0.259375 0.65078125 0.0546875 0.078125
0 0.70703125 0.3203125 0.0359375 0.0515625
1 0.7625 0.625 0.0421875 0.090625
1 0.91015625 0.62421875 0.05 0.1
1 0.97890625 0.63828125 0.0421875 0.1015625
1 0.56015625 0.6328125 0.0515625 0.078125
1 0.48359375 0.61015625 0.0375 0.0734375
1 0.44140625 0.55546875 0.053125 0.0859375
1 0.365625 0.5578125 0.04375 0.071875
1 0.29921875 0.62421875 0.053125 0.08125
1 0.2703125 0.57265625 0.040625 0.0859375
1 0.20390625 0.55703125 0.053125 0.0921875
1 0.06171875 0.59609375 0.04375 0.0953125
1 0.11953125 0.5734375 0.0546875 0.0890625
1 0.09609375 0.696875 0.05 0.0859375
1 0.17734375 0.6953125 0.0625 0.0953125
1 0.55234375 0.5109375 0.0453125 0.0734375
1 0.5953125 0.453125 0.034375 0.0828125
1 0.58359375 0.5546875 0.028125 0.06875
1 0.6328125 0.615625 0.05 0.109375
1 0.66640625 0.53203125 0.0453125 0.0828125
1 0.6984375 0.47421875 0.0703125 0.0890625
1 0.7765625 0.53203125 0.05625 0.065625
1 0.7765625 0.46953125 0.0265625 0.0703125
1 0.43359375 0.45078125 0.065625 0.0625
1 0.828125 0.58046875 0.0484375 0.1