1 0.471875 0.68046875 0.059375 0.096875
1 0.75703125 0.63828125 0.0546875 0.0828125
1 0.56953125 0.42890625 0.046875 0.059375
1 0.2265625 0.64140625 0.0578125 0.078125
1 0.06875 0.66015625 0.0578125 0.1109375
1 0.01171875 0.596875 0.0234375 0.065625
1 0.0953125 0.525 0.065625 0.0921875
1 0.1296875 0.4640625 0.059375 0.059375
1 0.16328125 0.51796875 0.0515625 0.0859375
1 0.85625 0.68203125 0.0703125 0.13125
1 0.52578125 0.6 0.0515625 0.08125
1 0.49375 0.54140625 0.0515625 0.0828125
1 0.571875 0.54921875 0.0484375 0.0578125
1 0.64609375 0.5390625 0.0546875 0.06875
1 0.8359375 0.525 0.0671875 0.0859375
1 0.8734375 0.48046875 0.0359375 0.0609375
1 0.9203125 0.5296875 0.059375 0.0515625
1 0.96953125 0.56171875 0.0375 0.0875
1 0.95390625 0.67109375 0.053125 0.0875
1 0.7421875 0.47265625 0.0265625 0.053125
1 0.72578125 0.4984375 0.0359375 0.0515625
1 0.5296875 0.2296875 0.04375 0.0515625
1 0.6796875 0.3921875 0.040625 0.053125
1 0.71484375 0.27578125 0.028125 0.0578125
1 0.81875 0.34453125 0.0453125 0.0390625
1 0.45859375 0.36640625 0.0546875 0.0609375
1 0.3953125 0.44765625 0.034375 0.053125
1 0.31953125 0.5328125 0.04375 0.08125
1 0.2734375 0.48828125 0.0421875 0.08125
1 0.240625 0.45 0.0421875 0.0671875
1 0.19921875 0.47890625 0.0296875 0.065625
1 0.25625 0.3078125 0.03125 0.0421875
1 0.2765625 0.29296875 0.034375 0.0484375
1 0.89375 0.42109375 0.0328125 0.0453125
1 0.9359375 0.36796875 0.0359375 0.0421875
1 0.83984375 0.39765625 0.0421875 0.0734375
1 0.54921875 0.34765625 0.0328125 0.0578125
1 0.65625 0.2703125 0.0203125 0.06875