1 0.63515625 0.2859375 0.0703125 0.1359375
0 0.5140625 0.3046875 0.0734375 0.128125
1 0.41484375 0.2859375 0.0546875 0.10625
1 0.2953125 0.25546875 0.05 0.075
1 0.8375 0.2765625 0.0609375 0.13125
1 0.70625 0.27265625 0.0578125 0.1
1 0.3015625 0.24765625 0.06875 0.0765625
1 0.24921875 0.2875 0.0390625 0.0453125
1 0.21328125 0.29765625 0.0453125 0.075
1 0.16484375 0.296875 0.0328125 0.046875
1 0.09453125 0.2921875 0.0390625 0.040625
1 0.025 0.29921875 0.0296875 0.046875
1 0.11875 0.29453125 0.025 0.040625
1 0.97734375 0.346875 0.0453125 0.146875