0 0.87890625 0.3453125 0.03125 0.040625
1 0.78515625 0.37578125 0.0453125 0.0609375
1 0.35234375 0.38125 0.046875 0.0640625
1 0.63359375 0.3875 0.040625 0.0703125
1 0.4546875 0.30703125 0.025 0.04375
1 0.53828125 0.340625 0.0234375 0.0546875
1 0.58046875 0.56484375 0.0515625 0.0890625
1 0.70390625 0.3265625 0.04375 0.0484375
1 0.58203125 0.321875 0.04375 0.0421875
1 0.6171875 0.29375 0.028125 0.0484375
1 0.3875 0.26328125 0.025 0.0390625
1 0.33359375 0.28203125 0.0140625 0.028125
1 0.46953125 0.27421875 0.0140625 0.03125