0 0.12265625 0.346875 0.0296875 0.0390625
1 0.21484375 0.3765625 0.0453125 0.0609375
1 0.64375 0.38203125 0.046875 0.0640625
1 0.36484375 0.38828125 0.0390625 0.0703125
1 0.5421875 0.30859375 0.025 0.04375
1 0.46015625 0.3421875 0.0234375 0.053125
1 0.4171875 0.5640625 0.053125 0.0890625
1 0.29609375 0.32734375 0.04375 0.046875
1 0.41640625 0.32265625 0.04375 0.0421875
1 0.38203125 0.2953125 0.028125 0.0484375
1 0.60859375 0.26484375 0.025 0.0390625
1 0.66171875 0.28359375 0.0140625 0.028125
1 0.52734375 0.27578125 0.0140625 0.03125