0 0.60390625 0.3375 0.05234375 0.12421875
0 0.72890625 0.33359375 0.05234375 0.09765625
1 0.34609375 0.29140625 0.04765625 0.1109375
1 0.1328125 0.29296875 0.06484375 0.10703125
1 0.825 0.30234375 0.03984375 0.0796875
1 0.4796875 0.33125 0.06015625 0.1109375
1 0.25 0.321875 0.04765625 0.053125
1 0.28515625 0.30703125 0.025 0.09296875
1 0.4140625 0.32421875 0.01484375 0.04921875
1 0.51015625 0.3359375 0.0578125 0.10234375
1 0.5609375 0.3625 0.04765625 0.084375
1 0.6734375 0.33125 0.03515625 0.1109375