0 0.6984375 0.4453125 0.0828125 0.1359375
0 0.4953125 0.41484375 0.06953125 0.12734375
0 0.83125 0.3984375 0.07109375 0.08984375
0 0.96640625 0.43359375 0.06328125 0.15390625
0 0.2015625 0.3453125 0.04453125 0.0640625
0 0.359375 0.359375 0.05234375 0.08125
0 0.6875 0.33359375 0.02890625 0.04375
0 0.08671875 0.35078125 0.075 0.11015625
0 0.41875 0.35078125 0.0234375 0.03203125
0 0.5703125015625 0.40399966093749995 0.556640625 0.38343240624999997 0.5537109390625 0.34082880625 0.5400390609375 0.3378906265625 0.53125 0.35111243124999997 0.525390625 0.3863705859375 0.5302734375 0.40546875 0.5517578125 0.39665421093750003 0.5703125015625 0.40399966093749995
0 0.653125 0.30859375 0.02109375 0.040625
0 0.57890625 0.34765625 0.0328125 0.0578125
0 0.4203125 0.31328125 0.02734375 0.040625