0 0.28359375 0.4953125 0.040625 0.078125
1 0.15078125 0.52578125 0.053125 0.0609375
1 0.475 0.34375 0.0453125 0.078125
0 0.296875 0.60625 0.0578125 0.0828125
1 0.7046875 0.27265625 0.040625 0.0578125
1 0.92734375 0.25234375 0.0421875 0.0625
1 0.01171875 0.3671875 0.0234375 0.065625
1 0.56953125 0.26171875 0.0484375 0.0625
1 0.63203125 0.21796875 0.0359375 0.0796875
1 0.4984375 0.53515625 0.0515625 0.0703125
1 0.1890625 0.35546875 0.0453125 0.0890625
1 0.23125 0.22109375 0.0609375 0.0734375
1 0.290625 0.22734375 0.0296875 0.0625
1 0.44296875 0.46640625 0.0328125 0.065625