1 0.34140625 0.1359375 0.0671875 0.13125
1 0.22109375 0.140625 0.0578125 0.10546875
1 0.51484375 0.153125 0.05 0.12265625
1 0.42109375 0.140625 0.0421875 0.0921875
1 0.38359375 0.0921875 0.0296875 0.0921875
1 0.55234375 0.11171875 0.03515625 0.08359375
1 0.81484375 0.11171875 0.03984375 0.06171875
1 0.75 0.07421875 0.0296875 0.065625
1 0.6640625 0.0984375 0.0421875 0.06171875
1 0.58125 0.096875 0.0296875 0.08359375
1 0.60625 0.11171875 0.02734375 0.07890625
1 0.60859375 0.11640625 0.03515625 0.0703125
1 0.48125 0.1296875 0.0203125 0.07421875